780 1170
210 690
90 510
60 690
450 1050
450 660
180 1230
1020 1380
-180 120
-210 150
-240 240
-300 180
-180 150
-60 480
-630 150
-210 480
-60 360
-60 150
540 870
-240 330
-120 210
-60 540
90 540
-30 600
60 390
0 630
240 690
0 540
390 810
360 510
1080 1200
810 1350
60 330
-150 210
30 240
60 150
-240 540
240 630
90 780
120 600
210 630
30 450
-180 90
-270 270
-330 180
-330 360
-150 150
510 690
-150 480
0 480
30 570
30 390
30 570
390 900
300 750
240 870
1020 1380
390 750
-120 30
-300 90
-330 180
-600 30
900 1350
-360 60
900 1350
-420 120
-330 120
-300 90
-240 210
-240 150
-180 180
-180 330
-150 270
0 360
-30 660
120 690
90 750
-870 300
30 570
150 570
570 1320
510 930
-600 0
-120 360
-150 60
-330 300
60 1320
780 1380
-360 60
-120 180
-300 90
450 660
-60 0
-180 210
0 390
-120 480
-30 420
-60 480
-150 330
-60 360
-60 180
-180 480
90 510
-60 480
-30 150
0 330
180 540
0 330
-210 480
0 540
150 690
30 480
360 780
60 90
-180 240
-450 330
0 540
30 480
60 600
60 810
450 1110
510 570
-285 75
480 1050
570 1200
810 1110
-330 60
540 1200
-330 60
870 1380
870 1350
-300 90
-420 90
-300 270
-300 60
300 540
-210 30
-390 180
-150 120
-150 420
-90 390
-210 420
0 450
60 500
60 420
60 660
-300 540
60 330
0 600
30 660
30 390
30 600
60 840
-480 180
-60 480
0 330
0 330
-90 750
510 1140
570 1050
600 1260
-360 90
870 1410
810 1410
-240 270
1170 1350
-480 210
-180 150
-120 300
-150 240
-180 300
-90 240
-120 420
0 180
-210 120
-180 510
-90 420
-30 540
30 390
-90 540
0 480
150 780
180 870
630 690
-210 210
-300 30
-330 60
540 570
-270 300
1050 1110
390 510
840 1380
-480 60
1050 1320
0 210
-210 120
-210 300
-390 90
-120 270
300 390
-180 180
-180 210
-225 285
0 300
-150 540
30 360
-15 270
-60 360
-60 390
-30 540
60 420
60 570
240 840
180 570
60 390
60 660
210 750
-510 390
30 300
-15 795
270 720
120 390
-375 585
270 660
390 1110
-90 750
390 960
810 1365
900 990
30 240
810 1290
-300 90
-375 15
-240 105
-330 60
930 1350
-450 120
-210 90
-390 150
-270 240
-180 420
-120 420
0 420
60 450
180 540
-30 300
-30 450
120 750
60 480
30 510
510 600
-390 660
240 360
-150 150
-300 300
-150 540
60 780
75 555
60 690
450 960
240 390
420 810
240 570
210 1140
450 1020
780 1230
-450 0
-420 120
-330 195
-360 105
-180 180
-390 210
-240 150
-300 240
-180 90
-240 210
-180 270
-180 300
-60 300
-60 510
-30 450
60 540
-90 480
120 720
60 150
540 690
15 675
300 780
300 750
210 390
-30 150
-240 90
-150 150
-60 150
-270 240
-60 60
-510 570
-90 420
-60 600
90 465
-60 360
-30 660
60 510
-390 390
60 570
0 570
240 720
30 540
90 750
225 795
450 540
0 300
0 750
390 810
45 765
510 810
0 180
600 810
300 930
390 1050
510 1140
750 810
-300 0
-330 30
1020 1410
-360 60
-390 30
-360 0
-300 60
-300 30
-330 60
-330 30
-330 30
-390 30
1020 1410
-330 90
-120 180
-285 525
-150 150
60 360
0 630
-30 255
-90 420
-90 360
-120 450
0 90
420 870
30 90
-300 135
150 435
-120 450
-45 465
-45 405
-45 390
0 270
-150 510
-45 450
-60 540
-150 540
30 480
270 1065
420 630
1020 1170
330 1020
360 750
300 870
270 540
1050 1380
630 780
-60 180
780 1230
910 1390
840 1335
600 1200
-400 240
-210 90
-390 15
-390 210
-345 120
-210 90
-270 210
-280 200
-180 120
-300 300
-120 210
-180 360
-75 195
-180 180
-60 480
-120 270
-210 300
-210 300
-150 270
-210 90
450 810
120 540
-30 405
420 525
-30 480
135 615
30 600
60 540
190 640
180 870
270 750
240 540
1080 1300
360 930
450 990
-420 60
885 1185
-510 90
-270 30
885 1425
975 1395
-420 0
-300 240
-120 120
-360 240
-180 210
-270 270
-30 390
-60 510
60 570
0 420
90 690
30 390
0 720
120 615
210 840
600 1020
210 960
570 1050
690 1230
780 1110
1110 1260
-450 30
-510 0
-300 120
-270 150
-450 195
-210 210
-150 315
-150 300
-90 240
-330 270
-120 270
-210 240
-150 390
-90 240
-165 435
60 510
45 585
90 630
420 870
180 750
195 810
510 1155
600 1290
-300 120
900 1320
810 1200
-120 120
930 1410
-420 120
-300 0
-390 120
-300 240
-60 270
-210 300
-270 360
-165 345
-225 405
-165 405
-45 390
60 360
60 840
-495 120
60 480
180 1140
600 930
540 1080
600 960
720 1170
660 1260
900 1335
-510 0
-300 90
840 1380
-390 15
-375 30
-360 210
-180 300
-180 120
-120 240
-180 150
-120 240
270 330
-60 240
-120 510
30 510
-60 210
-90 630
150 510
15 645
45 165
255 645
210 660
540 1080
540 1260
870 1380
-330 60
840 1380
-570 0
930 1410
840 1380
-420 0
-450 150
-360 0
-390 150
-240 210
-330 180
-270 180
-210 270
60 330
-150 300
-75 435
0 480
-60 180
-120 570
60 540
60 600
60 630
165 765
285 855
270 810
570 1365
-240 15
540 1290
765 1050
-195 75
930 1170
-570 120
-270 240
-345 165
-240 75
-360 330
-90 300
-255 75
-390 270
-210 300
-135 315
-150 360
-90 420
60 600
45 555
-15 390
0 645
330 810
390 810
330 390
525 1095
540 1140
-390 120
-720 0
-390 30
-300 60
-330 270
-150 450
-330 210
-330 270
-330 180
-180 300
-210 300
-180 90
-270 330
0 390
-120 240
-60 540
30 210
-210 480
0 270
-150 240
-300 390
90 660
60 240
-300 570
60 540
-30 150
-300 450
30 540
210 630
60 660
540 960
630 1320
-120 180
-300 0
-660 30
-240 0
900 1380
-420 60
-465 105
-360 120
-270 150
-330 15
-360 240
-210 210
1020 1380
-330 0
-285 225
450 630
-105 465
0 450
0 450
30 510
1320 1425
870 1425
540 690
-210 570
30 480
0 570
60 675
345 975
525 1245
630 1140
480 1110
870 1320
660 1305
-330 150
990 1410
-420 0
-315 195
-330 210
-270 150
-150 90
-510 360
-210 0
630 1380
-150 420
-60 420
-120 420
-160 520
60 480
60 0
540 600
-120 30
-540 330
-210 420
0 510
0 510
60 630
480 1110
-450 330
930 1170
210 675
0 630
420 1140
-390 0
915 1365
885 1365
750 1350
-570 30
-195 210
-315 135
-390 30
-300 30
-330 300
-240 0
30 240
-210 300
-180 300
-60 330
-60 330
-60 390
-60 330
-30 420
-120 390
0 180
210 270
270 510
30 480
-780 300
60 480
0 510
330 930
510 900
540 1275
1080 1410
420 1020
570 1170
960 1380
795 1335
-420 0
-330 210
-240 150
-240 120
-420 30
-240 0
-285 75
-180 120
-180 180
-120 210
-180 120
-270 210
-210 435
-120 270
-180 270
0 570
60 510
0 480
540 630
930 1380
1170 1380
930 1410
-240 0
960 1380
-360 270
-180 270
-180 300
-60 420
-60 390
-150 360
-60 180
-240 600
360 750
-150 360
-60 360
0 420
30 360
-90 630
0 540
0 660
420 990
0 660
480 1140
540 1230
-300 180
810 1365
810 1320
765 1395
945 1350
885 1335
-360 0
-360 120
-240 90
-180 270
-240 240
-180 90
-270 150
-180 420
-180 270
-240 270
-120 300
-120 120
-300 240
-180 150
1170 1230
1050 1425
-120 150
960 1365
360 600
1020 1320
990 1380
-510 0
1050 1410
960 1260
1110 1350
990 1320
-390 300
-330 350
-270 210
-150 270
-240 240
-120 270
-180 525
-210 45
-210 540
0 330
-90 240
-180 330
-150 210
1260 1350
30 210
-180 330
-180 540
0 540
0 780
-690 555
330 780
-510 120
420 720
480 1080
450 540
960 1320
-510 180
-330 0
-480 90
930 1410
-480 0
960 1395
960 1200
-150 270
-120 210
-240 240
-120 180
-285 300
-220 250
-105 405
-150 210
0 600
60 540
60 495
0 600
120 690
300 900
720 1260
600 1230
1005 1365
-720 30
1110 1350
600 1410
-390 90
885 1425
-300 0
0 180
-120 330
-360 240
-60 480
-90 120
-270 360
-60 510
45 450
-60 540
75 555
60 690
45 525
450 960
-240 420
60 510
540 1200
-270 0
630 660
-285 5
-570 30
-330 0
-330 60
-360 150
-450 0
-360 120
-300 30
-195 135
-225 135
-120 270
-225 270
-240 150
-210 120
-180 150
-210 330
-120 210
840 1335
900 1335
1110 1335
-390 240
-60 60
-180 300
-390 540
60 360
-135 330
-60 420
0 540
-30 480
-30 225
435 675
-30 480
30 270
-60 600
240 720
120 480
75 750
-390 270
540 1140
-435 0
-390 0
-390 135
-330 210
-360 60
-345 45
45 300
-240 105
-345 165
-240 180
-225 255
-120 270
-210 90
-180 120
-120 180
-210 180
-120 300
-120 210
-150 0
-270 300
-120 360
-180 300
-150 330
-180 330
-60 480
0 450
120 540
60 480
60 330
-270 390
30 480
-360 270
0 360
-330 420
0 300
330 480
1050 1200
0 300
330 600
0 480
-390 30
-240 30
570 840
-90 120
120 450
30 390
30 570
540 1140
210 690
210 780
-525 435
120 780
210 510
135 645
60 660
135 360
-240 30
60 510
420 1080
480 870
510 1230
840 1395
-360 120
-360 60
-480 30
-300 90
-240 180
-210 210
-150 120
-60 210
-210 60
90 480
-90 240
-60 540
30 420
-60 240
0 510
60 570
210 900
-240 150
570 750
60 480
30 600
405 1275
450 1170
-510 15
-330 135
945 1410
870 1350
-30 180
-240 90
-390 90
-360 120
-180 210
-120 480
-120 480
-120 330
-150 60
-765 30
-120 150
-120 300
-120 300
-150 480
0 270
270 360
390 1080
-270 360
390 1110
420 900
510 1395
810 1350
915 1335
-510 195
-330 60
-330 60
-210 90
-330 210
-75 135
-120 300
-225 225
-285 285
-150 240
-225 255
-90 360
-60 420
-105 285
150 690
390 480
930 1410
900 1380
-60 480
30 60
-225 165
-105 585
0 420
60 660
60 180
180 540
60 30
465 945
405 585
60 270
540 780
180 600
180 660
30 660
585 1185
-270 630
210 630
390 1320
1050 1380
870 1380
-360 90
-360 120
-300 60
-180 150
-180 180
-60 210
-180 270
-330 30
30 210
-150 285
-180 180
-285 15
-330 90
90 390
-210 240
-120 240
-60 30
-330 0
0 510
-120 360
-60 300
0 480
0 480
30 480
-60 270
0 540
150 570
-30 390
600 660
-210 360
-210 300
-30 600
-480 360
0 480
90 480
-390 330
30 540
510 1290
390 750
135 465
-270 240
405 1080
750 1350
360 840
390 1230
600 720
-360 60
840 1320
900 1320
0 150
885 1305
840 1320
-420 45
-420 0
-420 90
1020 1320
0 150
-210 180
-330 210
-180 270
-60 150
150 300
-120 150
-150 450
-90 390
-105 0
60 420
60 360
30 360
-15 255
975 1065
600 720
900 1080
165 675
255 795
300 360
390 690
300 750
435 975
240 720
330 840
345 765
360 810
495 855
855 1035
540 1020
420 810
420 720
300 750
570 1020
450 765
405 1125
480 810
450 900
510 870
555 1005
120 870
435 825
570 1260
570 990
750 1050
330 990
510 870
300 1050
570 1020
480 900
540 1020
660 1230
630 1140
720 1200
540 1110
570 1170
750 1230
660 990
660 870
300 1050
600 1200
630 870
870 1050
600 945
465 1185
780 1140
570 870
720 1380
810 1230
780 1410
810 1140
300 420
720 840
1140 1290
510 1320
810 960
60 990
660 1200
-390 60
1080 1260
540 1200
-330 210
180 1140
-300 90
-390 120
900 1230
870 1230
870 1410
-180 270
0 630
300 810
30 660
390 810
450 930
285 945
480 900
585 1155
615 975
645 1245
705 1155
600 1080
540 1140
600 1140
570 1050
570 870
690 1065
660 1080
660 1020
780 1290
750 1290
720 1170
-630 30
885 1305
720 1080
630 1230
750 1350
450 1050
660 1110
690 1260
810 1170
780 960
300 1200
900 1380
900 1110
765 1215
900 1200
840 1290
780 1170
840 1020
660 1050
720 900
300 840
660 990
660 1050
540 840
900 1020
540 1110
480 900
555 1155
30 180
630 720
1215 1305
600 1020
135 1005
570 840
540 1260
720 1200
600 1050
1050 1230
600 915
1230 1290
-300 180
810 1050
390 990
840 1080
780 960
690 1200
660 1080
-630 30
810 1080
840 1260
1140 1290
300 780
1110 1140
390 1260
840 1200
-210 510
-150 270
60 690
390 930
1335 1425
390 780
285 825
630 810
270 810
330 870
300 795
405 1005
405 825
240 1020
570 1020
390 960
420 840
420 1020
405 945
495 975
495 885
435 1005
540 900
480 930
600 1110
600 1050
570 1080
570 1020
-420 30
690 1050
630 905
525 1335
780 1230
420 1200
870 1050
690 1320
780 1065
480 930
720 1350
1110 1320
-480 90
330 1020
720 1050
360 930
540 1230
870 1170
540 1230
645 1215
570 1140
705 1035
615 915
870 1320
630 1140
-360 120
240 1320
810 1050
1140 1320
30 390
1140 1380
-660 45
180 780
450 930
510 915
270 780
390 855
420 960
450 1080
465 945
585 1125
510 930
525 945
960 1020
